1 0.2 0.75 
2 0.666666666667 
3 0.7 
4 0.142857142857 
5 0.125 
6 0.0 0.157894736842 
7 0.6 0.85 
8 0.0 0.166666666667 0.416666666667 
9 0.117647058824 
10 0.0 
11 0.05 
12 0.95 
13 0.333333333333 0.666666666667 
14 0.0 0.25 0.5625 0.875 
15 
16 0.0 0.05 
17 0.25 0.5 
18 0.0909090909091 0.181818181818 
19 0.210526315789 
20 0.357142857143 
21 0.0769230769231 
22 0.0555555555556 0.666666666667 
23 0.625 
24 0.0 0.928571428571 
25 0.777777777778 
26 0.0 0.0526315789474 
27 0.0 0.222222222222 0.555555555556 
28 0.5 0.555555555556 
29 0.583333333333 0.75 
30 0.25 0.4375 
31 0.230769230769 
32 0.0 0.214285714286 0.357142857143 0.571428571429 
33 0.0 0.0909090909091 0.272727272727 0.363636363636 
34 0.0 0.157894736842 0.578947368421 0.684210526316 
35 0.0909090909091 0.636363636364 
36 0.333333333333 0.388888888889 
37 0.9375 
38 0.0 
39 0.210526315789 
40 0.818181818182 
41 0.0 
42 0.0 
43 0.666666666667 
44 0.0 0.666666666667 
45 0.0 
46 0.2 0.666666666667 
47 0.176470588235 0.352941176471 0.411764705882 0.647058823529 0.764705882353 0.823529411765 
48 0.05 0.15 0.2 0.3 0.5 0.9 
49 0.105263157895 0.210526315789 0.263157894737 0.526315789474 0.894736842105 
50 0.0 0.05 0.1 0.15 0.2 0.25 0.3 0.35 0.45 0.5 0.55 0.6 0.65 0.75 0.8 0.85 0.9 0.95 
51 0.142857142857 0.357142857143 0.5 0.857142857143 
52 0.05 0.2 0.5 
53 0.4 
54 0.1 0.15 0.35 0.5 0.85 
55 0.0 0.0769230769231 0.153846153846 0.230769230769 0.384615384615 0.461538461538 0.692307692308 0.846153846154 
56 0.05 0.45 0.5 
57 0.05 0.15 0.2 0.25 0.3 0.35 0.4 0.45 0.55 0.6 0.65 0.7 0.8 0.9 0.95 
58 0.0 0.4 0.6 
59 0.0555555555556 0.166666666667 0.333333333333 0.555555555556 0.611111111111 0.833333333333 0.888888888889 
60 0.0 0.0526315789474 0.105263157895 0.210526315789 0.263157894737 0.315789473684 0.368421052632 0.421052631579 0.473684210526 0.526315789474 0.578947368421 0.631578947368 0.684210526316 0.736842105263 0.789473684211 0.842105263158 0.894736842105 0.947368421053 
61 0.0 0.0588235294118 0.235294117647 0.294117647059 0.352941176471 0.411764705882 0.470588235294 0.529411764706 0.588235294118 0.705882352941 0.764705882353 0.882352941176 
62 0.0588235294118 0.235294117647 
63 0.0 0.05 0.1 0.15 0.2 0.25 0.3 0.35 0.5 0.55 0.65 0.75 0.95 
64 0.181818181818 0.454545454545 0.545454545455 
65 0.0 0.357142857143 0.5 
66 0.0 0.05 0.1 0.15 0.3 0.35 0.65 0.8 
67 0.181818181818 0.636363636364 
68 0.5 
69 0.125 
70 0.0526315789474 0.210526315789 0.736842105263 0.789473684211 
71 0.0 0.181818181818 
72 0.0714285714286 0.642857142857 0.785714285714 
73 0.25 
74 0.2 
75 0.285714285714 
76 0.583333333333 
77 0.0625 0.125 0.25 
78 0.0588235294118 0.176470588235 0.941176470588 
79 0.333333333333 0.5 0.777777777778 0.833333333333 
80 0.0 0.555555555556 0.888888888889 
81 0.5 0.6 
82 0.0588235294118 0.176470588235 0.529411764706 
83 0.933333333333 
84 0.105263157895 
85 0.0 0.733333333333 
86 0.0769230769231 0.384615384615 
87 0.0 0.35 
88 0.0909090909091 0.363636363636 
89 
90 0.0 
91 0.0769230769231 
92 0.125 
93 0.2 
94 0.0 
95 0.933333333333 
96 0.727272727273 
97 0.105263157895 
98 0.0 
99 0.0 0.571428571429 0.857142857143 
100 0.153846153846 0.307692307692 0.384615384615 0.769230769231 0.846153846154 
101 0.0833333333333 
102 0.0 0.15 0.2 0.3 0.7 0.8 0.85 
103 0.0 0.857142857143 
104 0.2 0.25 0.55 0.75 0.85 
105 0.7 
106 0.0 0.714285714286 0.857142857143 
107 0.0526315789474 0.105263157895 0.526315789474 
108 0.0666666666667 
109 0.214285714286 
110 0.0666666666667 
111 0.714285714286 
112 0.3 0.95 
113 0.125 
114 0.375 
115 0.705882352941 
116 0.0 
117 0.0 0.1 0.25 0.3 0.45 
118 0.0666666666667 
119 0.375 0.625 0.75 0.875 
120 0.0 0.0526315789474 0.210526315789 
121 0.0 0.0588235294118 0.352941176471 0.647058823529 0.705882352941 0.882352941176 
122 0.0 0.307692307692 0.846153846154 
123 0.0 0.368421052632 
124 0.0588235294118 0.882352941176 
125 0.411764705882 
126 0.0909090909091 
127 0.0 
128 0.307692307692 
129 0.1 0.15 0.25 0.55 0.9 0.95 
130 0.285714285714 
131 0.176470588235 
132 0.0 0.0555555555556 0.111111111111 0.166666666667 0.222222222222 
133 0.0625 0.1875 0.375 0.4375 0.625 0.9375 
134 0.0 0.15 0.2 0.5 0.75 0.8 
135 0.05 0.2 0.45 0.75 
136 
137 0.1 0.7 
138 0.875 
139 0.466666666667 
140 0.294117647059 0.352941176471 0.411764705882 0.647058823529 
141 0.727272727273 
142 0.0 
143 0.0 0.15 0.25 0.3 0.35 0.45 0.55 0.65 0.7 0.75 0.8 0.85 0.9 0.95 
144 0.0 
145 0.0 0.384615384615 
146 0.0 0.153846153846 0.307692307692 0.615384615385 
147 0.0 0.0769230769231 0.230769230769 
148 0.176470588235 
149 0.0 0.125 
150 0.666666666667 
151 0.0625 0.125 0.5 
152 0.0 
153 0.5 0.583333333333 
154 0.75 
155 0.166666666667 
156 0.0 0.5 
157 0.0666666666667 0.4 
158 
159 0.0 0.8 0.9 
160 0.0 0.0625 0.1875 
161 0.0 
162 0.0 
163 0.3125 
164 0.555555555556 0.777777777778 0.888888888889 
165 0.0714285714286 0.5 
166 0.0666666666667 0.2 0.866666666667 
167 0.157894736842 0.263157894737 0.368421052632 0.631578947368 0.736842105263 
168 0.529411764706 0.882352941176 
169 0.0 0.35 
170 0.4 
171 0.588235294118 0.647058823529 0.823529411765 
172 0.0833333333333 
173 0.0 0.111111111111 0.222222222222 0.333333333333 
174 0.0 0.833333333333 
175 0.117647058824 0.529411764706 
176 0.05 
177 0.0 
178 0.142857142857 
179 0.714285714286 
180 0.833333333333 
181 0.05 0.2 0.35 
182 0.4 0.533333333333 
183 0.181818181818 0.545454545455 0.727272727273 
184 0.2 0.3 
185 0.0 0.15 0.3 
186 0.15 0.3 
187 0.0 0.5 0.642857142857 0.857142857143 
188 0.333333333333 
189 0.0 0.2 
190 0.0625 0.3125 
191 0.157894736842 0.315789473684 0.421052631579 0.526315789474 0.631578947368 0.842105263158 
192 0.0 0.3125 0.5 
193 0.0 0.0555555555556 0.111111111111 0.166666666667 0.222222222222 0.388888888889 0.444444444444 0.5 0.833333333333 
194 0.684210526316 
195 0.05 0.25 0.5 0.7 0.85 
196 0.0 0.333333333333 0.611111111111 0.833333333333 0.944444444444 
197 0.0 0.294117647059 0.588235294118 0.705882352941 0.823529411765 
198 0.0 0.35 0.65 0.8 
199 0.4 
200 0.705882352941 
201 0.0 
202 0.428571428571 0.571428571429 
203 0.789473684211 
204 0.0 
205 0.473684210526 
206 0.647058823529 0.823529411765 0.882352941176 
207 0.166666666667 0.222222222222 0.333333333333 0.5 0.833333333333 
208 0.5625 0.875 
209 0.0833333333333 
210 0.285714285714 
211 0.6 0.75 
212 0.5 
213 0.0 
214 0.0 0.157894736842 0.421052631579 
215 0.15 0.6 
216 0.181818181818 0.545454545455 
217 0.470588235294 0.705882352941 
218 0.4375 
219 0.0 0.2 
220 0.25 0.45 0.85 
221 0.142857142857 
222 0.444444444444 
223 0.0 0.125 0.25 
224 0.0555555555556 
225 0.0 0.181818181818 0.272727272727 
226 0.0714285714286 
227 0.2 
228 0.05 
229 0.0 0.166666666667 
230 0.0 0.454545454545 0.818181818182 
231 0.210526315789 0.894736842105 
232 0.105263157895 0.526315789474 0.631578947368 
233 0.0 0.411764705882 
234 0.176470588235 
235 0.0555555555556 0.444444444444 0.5 
236 0.1 0.4 0.7 0.8 0.9 
237 0.0909090909091 0.181818181818 0.545454545455 0.636363636364 0.818181818182 0.909090909091 
238 0.875 
239 0.0833333333333 0.166666666667 0.833333333333 
240 0.153846153846 0.307692307692 
241 0.8 
242 0.6 
243 0.0 0.0526315789474 0.105263157895 0.157894736842 0.210526315789 0.263157894737 0.315789473684 0.368421052632 0.421052631579 0.473684210526 0.526315789474 0.578947368421 0.631578947368 0.684210526316 0.736842105263 0.789473684211 0.842105263158 0.894736842105 0.947368421053 
244 0.944444444444 
245 0.2 
246 0.0 
247 0.473684210526 0.526315789474 0.578947368421 
248 0.666666666667 
249 0.0 
250 0.285714285714 
251 0.0 
252 0.166666666667 
253 0.45 
254 0.384615384615 0.692307692308 
255 0.0 0.0833333333333 0.166666666667 0.25 0.333333333333 0.416666666667 
256 0.0 0.05 0.15 0.25 0.3 0.35 0.4 0.45 0.55 0.6 0.65 0.7 0.75 0.8 0.9 0.95 
257 0.0 0.15 0.8 
258 0.0 0.333333333333 0.5 
259 0.0555555555556 0.444444444444 0.777777777778 
260 0.0 0.615384615385 0.692307692308 
261 0.0 
262 0.0 
263 0.0769230769231 
264 0.0 0.375 0.4375 
265 0.714285714286 
266 0.0 0.5 0.6 
267 0.6 
268 0.214285714286 0.285714285714 0.857142857143 
269 0.736842105263 0.894736842105 
270 0.105263157895 
271 0.0526315789474 0.263157894737 0.684210526316 0.736842105263 
272 0.8125 
273 0.0 
274 0.05 0.15 0.3 0.45 0.55 0.7 0.95 
275 0.5 
276 0.266666666667 0.866666666667 
277 0.6 0.666666666667 0.733333333333 
278 0.0 0.117647058824 0.294117647059 0.470588235294 0.529411764706 
279 0.0 0.142857142857 0.571428571429 0.857142857143 
280 0.0 0.166666666667 0.333333333333 0.666666666667 0.833333333333 0.916666666667 
281 0.05 0.1 0.15 0.2 0.25 0.3 0.35 0.5 0.55 0.65 0.7 0.85 0.9 0.95 
282 0.0 0.166666666667 0.5 0.666666666667 
283 0.0 0.0588235294118 0.117647058824 0.176470588235 0.235294117647 0.294117647059 0.352941176471 0.411764705882 0.470588235294 0.529411764706 
284 0.0 0.111111111111 0.166666666667 0.222222222222 0.444444444444 
285 0.0 0.0588235294118 0.117647058824 0.176470588235 0.235294117647 0.294117647059 0.352941176471 0.411764705882 0.470588235294 0.529411764706 0.588235294118 
286 0.0 0.133333333333 0.2 0.333333333333 0.4 
287 0.0 0.166666666667 0.666666666667 0.833333333333 
288 0.416666666667 0.583333333333 0.666666666667 0.916666666667 
289 0.117647058824 0.176470588235 0.235294117647 
290 0.0 0.0625 0.3125 
291 0.444444444444 0.555555555556 0.666666666667 
292 0.0 0.105263157895 
293 0.2 0.4 0.6 
294 0.0 0.0555555555556 0.111111111111 
295 0.125 0.3125 0.4375 0.8125 
296 0.0 0.0833333333333 0.416666666667 0.583333333333 0.666666666667 0.833333333333 
297 0.0 0.0909090909091 0.181818181818 0.272727272727 
298 0.0833333333333 
299 0.285714285714 
300 0.0714285714286 0.214285714286 0.5 0.785714285714 0.857142857143 
301 0.714285714286 
302 0.0 
303 0.0 0.111111111111 0.388888888889 
304 0.875 
305 0.222222222222 
306 0.125 0.75 
307 0.0 0.947368421053 
308 0.117647058824 0.470588235294 
309 0.0 
310 0.9 
311 0.05 0.25 
312 0.0 
313 0.0 0.1 0.4 0.55 0.65 0.7 0.9 
314 0.0666666666667 0.133333333333 0.266666666667 0.466666666667 0.6 0.8 
315 0.6 
316 0.555555555556 0.944444444444 
317 0.0 0.1 0.15 0.3 0.95 
318 0.0 0.266666666667 0.4 0.466666666667 0.6 0.8 0.866666666667 0.933333333333 
319 0.2 
320 0.142857142857 0.285714285714 0.428571428571 
321 0.0 0.0909090909091 0.545454545455 
322 0.666666666667 
323 0.111111111111 0.555555555556 0.777777777778 
324 0.0 0.0833333333333 0.25 0.333333333333 0.833333333333 
325 0.166666666667 
326 0.0 0.0714285714286 0.285714285714 0.357142857143 0.428571428571 
327 0.0 0.05 0.2 0.3 0.35 0.55 
328 0.0 0.333333333333 0.5 0.666666666667 0.833333333333 
329 
330 0.117647058824 0.294117647059 0.470588235294 0.588235294118 
331 0.0 0.142857142857 0.285714285714 0.428571428571 0.571428571429 0.857142857143 
332 0.0 0.0769230769231 0.153846153846 0.307692307692 0.384615384615 0.923076923077 
333 
334 0.0526315789474 0.263157894737 0.421052631579 0.473684210526 0.578947368421 0.789473684211 0.894736842105 
335 0.0 0.0526315789474 0.105263157895 0.263157894737 0.421052631579 0.473684210526 0.894736842105 0.947368421053 
336 0.0526315789474 0.368421052632 0.578947368421 
337 0.230769230769 
338 0.0 0.333333333333 0.666666666667 
339 0.0 0.0625 0.125 0.1875 0.25 0.5 0.5625 0.875 0.9375 
340 0.0 0.0555555555556 
341 0.0 0.05 0.1 0.15 0.2 0.25 0.3 0.35 0.5 0.9 
342 0.333333333333 
343 0.166666666667 0.666666666667 
344 0.0 0.3 0.35 
345 0.0909090909091 
346 0.0 0.0769230769231 
347 0.0909090909091 
348 0.0 
349 0.333333333333 
350 0.0 0.0666666666667 0.133333333333 0.533333333333 0.733333333333 
351 0.588235294118 
352 0.0 0.4 
353 0.4 0.8 
354 0.0 0.315789473684 0.473684210526 0.578947368421 
355 
356 0.0 0.111111111111 0.166666666667 0.388888888889 0.444444444444 
357 0.0 0.294117647059 0.352941176471 
358 0.368421052632 
359 0.111111111111 0.444444444444 0.777777777778 0.888888888889 
360 0.0 
361 0.333333333333 0.5 
362 0.0 0.166666666667 
363 0.0 0.4 0.6 0.8 
364 0.0 0.111111111111 0.222222222222 
365 0.277777777778 0.444444444444 0.833333333333 
366 0.444444444444 0.666666666667 0.777777777778 
367 0.368421052632 
368 0.0 
369 0.125 0.25 
370 0.0 0.142857142857 0.571428571429 
371 0.857142857143 
372 0.0588235294118 
373 0.125 
374 0.25 
375 0.5 0.9 
376 0.153846153846 0.230769230769 
377 0.0 
378 0.45 
379 0.0588235294118 
380 0.0625 
381 0.0 0.125 0.5625 0.8125 0.9375 
382 0.0833333333333 0.333333333333 0.583333333333 
383 0.15 0.45 0.75 
384 0.0 0.133333333333 0.266666666667 0.466666666667 
385 0.0 0.05 0.1 0.15 0.2 0.25 0.35 0.45 
386 0.0 0.1 0.15 0.2 0.45 0.5 0.6 0.75 
387 0.0 0.4 0.8 
388 0.0 0.2 
389 0.0 0.1 
